% # columns="iter, evals, sigma, 0, fitness, xbest" seed=400000, Tue Oct 23 19:37:48 2018, <python>{}</python>
1 8 0.6845956499236088 0 52.35838643290845 -0.698333261956483 0.24077077736069144 0.4242818537942144 -0.2894504785088931 -0.14750632264554217
2 16 0.5969138018002372 0 60.10103525819745 -0.2274229102465007 -0.33350497315134525 -0.21758960550824938 -0.3948334654558575 -0.13018496384701284
3 24 0.4876638573327417 0 27.96358369446796 -0.22847779904827514 -0.2923118082243875 0.12335385000100285 -0.1670632224730289 -0.24261807983648553
4 32 0.41981602038083826 0 45.001452163023636 -0.43227201200954984 -0.09203013141924304 0.2898925383876318 -0.40082515191208257 0.13168692648024813
5 40 0.3523138042428452 0 22.741311302331518 -0.40787262724992207 0.0017924362338912203 0.10451657885911568 -0.14214115442767203 -0.3191035684166309
6 48 0.29890326826317243 0 14.325672316751938 -0.3404115031973899 -0.07542253226337403 0.12808194828454236 0.031179706462371122 -0.21102011015776242
7 56 0.2514844685067333 0 10.467162915690906 -0.2131598104737955 0.14005569872594614 0.08262946616161115 0.19217157639061477 -0.10569427863935812
8 64 0.238790345849644 0 7.932931197065268 -0.17457855971868796 -0.04889005144964027 -0.1363353513805986 0.10690100898313376 0.028722083128678133
9 72 0.227756526647354 0 6.992705041424523 -0.01640937727500881 0.1468996258887459 0.061403286528070644 -0.07065095176982017 0.06347973611152849
10 80 0.18832921992305407 0 5.251421812402907 -0.17208987427413652 0.07960722686536198 0.08686792493237118 0.003806734104201289 -0.05516284318269811
11 88 0.16635588133967932 0 6.299626493041237 0.08336641786590307 -0.05611632356278654 -0.11800036080227827 0.02849175820679696 0.052153723945694466
12 96 0.1588749011664871 0 8.370021155447516 -0.12405835261834672 0.05984140843343385 0.058358834556896506 0.12816361070062274 0.17522537593409834
13 104 0.1332517054532472 0 5.061336423781713 0.15437270382195495 0.007159234593438042 0.09679244011978216 0.0937417485914647 0.030666754918425312
14 112 0.11869441858964765 0 5.804412922638014 -0.1246906037229851 0.05530701429149369 -0.07267160451100754 0.09049562371330787 0.05417595080028285
15 120 0.09510144045714924 0 5.475298348701511 0.003699714468800866 0.05918692228432781 0.06899185737835903 0.0932307677929786 0.06758283857907499
16 128 0.0853628797466612 0 4.600868399062238 -0.08553446708616427 0.03357958892892471 -0.011955309876820275 0.07176778991813813 0.011267140658471342
17 136 0.07790985282574846 0 4.311364555772389 -0.04738935673943451 0.048910837895658324 0.00803069779246205 0.04078691532832268 0.01541234123252785
18 144 0.08048978126495165 0 4.362654544775929 0.08299136948233009 0.013350948987053097 -0.003825159391610728 0.08207173141323115 -0.007011628298483223
19 152 0.07696533870842513 0 4.035622838958202 0.07571601703559717 -0.005315297489528335 0.03820985957368557 0.038538864019755543 -0.014558833420073573
20 160 0.07571190673021874 0 4.108864873638072 0.07507163979278575 0.03389884369954018 -0.009496159564120518 0.035619748904408624 0.040442952230480014
21 168 0.0897352044310169 0 3.9611697393770444 0.16844196478644774 0.03900921567725051 0.036403755235830004 0.0028533814106124072 0.05387240251436434
22 176 0.08965290605620152 0 3.765305589386144 0.18120586034168568 0.024309865095993925 -0.005255527053073427 0.014163519013425696 0.03623239628498563
23 184 0.08182108024391806 0 4.032939104287522 0.10382796075234088 -0.025396998079033284 0.009915724395876964 0.00809586539956393 0.02621226500690347
24 192 0.07500776703282692 0 4.038345689699349 0.13701506458308488 -0.01713519271308516 -0.027309077316290276 0.0021047585612713835 0.005067577532933983
25 200 0.06554633201653551 0 3.7942816542286124 0.11385672132274599 0.016367291615560456 -0.005473459563321455 -0.008820679813138976 -0.0021894172339873754
26 208 0.06386317784065441 0 3.6674040718039485 0.19581662148963525 0.050831732941635066 0.010147238012570645 -0.005855576952123819 0.03218300076406727
27 216 0.06091821190276057 0 3.8789493848631507 0.14150057266910568 0.0027898442242100356 0.02518703045467302 -0.02302827901476848 -0.0034258020513379638
28 224 0.052807451013430824 0 3.8277417916769734 0.10462696610960767 0.026543641080687144 0.007842547940285254 -0.011209455715413413 -0.017016690503943187
29 232 0.04731452297783136 0 3.7360358442360475 0.139292753596247 0.025935612669601857 -0.0015023112905219252 -0.009547465667382599 0.010271292804500188
30 240 0.041210166650719825 0 3.729713071429 0.18266540467373987 0.025745571007685847 -0.0055448250992994825 -0.019415368148195486 0.012501613188731168
31 248 0.04496648883393639 0 3.670649496260958 0.18675390785470514 0.03221620330789263 -0.01632617363572044 0.00185708771070907 0.01111858289073085
32 256 0.045200804735770046 0 3.6430539054153295 0.17605386514820534 0.04842645247591605 0.006100021033569204 -0.008714568915354996 0.01185611098819649
33 264 0.037283985347034754 0 3.6700680042536433 0.17011103745172515 0.02684528620132498 0.0037607062602298324 -0.010227014573052685 0.009810623912184778
34 272 0.03612410326919929 0 3.547846277537528 0.21006074576072592 0.04341878314149779 0.0072354266628880575 0.0004648229022402653 0.014564932461130253
35 280 0.035566092835107574 0 3.5345456010524954 0.20984798741070138 0.04825172200279964 0.0030446383574648742 0.009913940606137853 0.013718697143759744
36 288 0.0446214503614361 0 3.535765125538986 0.24476334971526495 0.08096687757228276 0.013234213098175546 0.02380783084852851 0.030474878671500942
37 296 0.048756664505404994 0 3.4851333263052524 0.234805849188281 0.07262460126682539 0.006429178892978776 0.02423779036878924 -0.009909275188839176
38 304 0.05549053649063326 0 3.33946171487805 0.2978593687368587 0.08535198850012689 0.022735224313639748 -0.009590599672856758 0.0019303471325330327
39 312 0.05927149151982788 0 3.3988065141922617 0.2898714950225252 0.0922574022144927 0.036117567508380716 -0.014802636970390552 -0.0049803077500520715
40 320 0.06465282636651577 0 3.356784613871144 0.3160068408708245 0.10815723737111892 0.05170012897012753 0.027143097515470962 -0.013772288815523384
41 328 0.07176885152657737 0 3.399888645405267 0.3062353167343496 0.09315692362435114 0.03327250699793559 0.04447718605553628 0.0017458120577713001
42 336 0.07520289343920561 0 3.040375825798033 0.39727458097777574 0.16711800800149312 0.05123529518851133 0.03010369187361411 0.007302722907686271
43 344 0.07633345663266608 0 3.1495485283035136 0.3897014806245057 0.14989680374841644 0.06114759475877138 0.03257574919896896 0.0073129009792668636
44 352 0.0690693929423593 0 3.263370473260391 0.40361583311323634 0.14249288619740375 0.05286394506354755 0.02688237432048704 0.0357439712466072
45 360 0.06980558913952685 0 3.096706356859087 0.44888883572427374 0.1684989523745441 0.058582337348204346 0.01569507571324265 0.01795674501683866
46 368 0.06908023141710865 0 3.1015715185343544 0.401986679848495 0.16963588306065755 0.05651627220547861 0.004631615382576112 0.03000508974501152
47 376 0.0648977609661058 0 3.1350065525663555 0.38166267854159 0.1784221625555391 0.05024743291522021 0.008293596807770188 0.02189496459642757
48 384 0.06617045896786047 0 3.029417549288466 0.5379723589043802 0.23609906458296848 0.055625927336753304 0.007893709112062604 0.026468794805330136
49 392 0.06388427359977926 0 2.905000549112088 0.48395058762404664 0.207409977646719 0.03956909094275904 0.009781604762126585 0.016763038570011057
50 400 0.06889908599364694 0 2.8646708812338195 0.5011349885753699 0.21828041357313674 0.04982042407047349 0.021163152842924443 0.002532495144979871
51 408 0.07769851289391504 0 2.8196582461108814 0.5522241661282907 0.26918852908291563 0.053777848708651425 0.010201153062090396 -0.02036018105508281
52 416 0.0756101024457188 0 2.768912340099315 0.4835451122105474 0.2350720536587918 0.06502474465573194 0.016947270301274006 -0.022213472121706445
53 424 0.07432609395729418 0 2.665232574032207 0.49990969847411076 0.25025307996786333 0.07337687169256399 0.01121844487313322 -0.004033397349129036
54 432 0.08719477751965438 0 2.602012211943206 0.51621505708607 0.27642835309853625 0.09687209694997916 0.018213250475561292 -0.006953901230613253
55 440 0.09429446592525242 0 2.5066090287645126 0.5591565051380163 0.3083593364864675 0.09628596078643434 0.020609198227637508 0.021196854334798246
56 448 0.10040427433452935 0 2.3268397679726274 0.6008841700436722 0.35598332969375723 0.12581445082805975 0.025441241375543794 -0.015760939665459665
57 456 0.09459814839787967 0 2.3019478271519973 0.6056389348241797 0.36250598327261385 0.13373500632373117 0.014150557264528223 -0.011605213564997222
58 464 0.0986451850702058 0 2.2869994826594997 0.621117228704082 0.40029407885371315 0.14735823833835215 0.028348739698425517 -0.025779417289325472
59 472 0.08905086252085048 0 2.386663252343342 0.6563909120756805 0.4165661804669516 0.14796545731323824 -0.006059539699913925 -0.01615043627285652
60 480 0.08841631682412517 0 2.3457535519282287 0.6336244973382422 0.4055975781519294 0.1477183912699526 0.01654071934381287 0.036599225277819086
61 488 0.09034233763647824 0 2.4440994027917844 0.6334891874183598 0.3977593041000664 0.16179572338645534 0.01444588701037128 0.05089048043941787
62 496 0.0820525781415066 0 2.211946889622335 0.678002241198069 0.4247950370583533 0.18975610547625085 0.019377175687976984 -0.0031272605605940675
63 504 0.07421814178394152 0 2.1987552517507787 0.6649943083170258 0.44358085528930136 0.1717616576902773 0.017960801159785066 -0.02215559266902649
64 512 0.0730025387527335 0 2.191712096608337 0.6852947351588214 0.4370575863516837 0.17819290525711876 0.02155270250471919 -0.009584308564984967
65 520 0.0691451024137798 0 2.1592228303280177 0.6763621807827703 0.4375647198807198 0.19074086304265617 0.016351380119131186 -0.0186806348842583
66 528 0.07062749865273846 0 2.07797847330388 0.6834707029676601 0.45122744447809526 0.2061691814603896 0.018856945441559293 -0.004057776595980191
67 536 0.07826619857853236 0 2.074944152157772 0.7089055042147996 0.4770979710154141 0.24134553193832164 0.025494862346914976 0.003281576421824058
68 544 0.11118735934569343 0 1.8295811129377888 0.7224115087539761 0.5237156451568264 0.28473490953037406 0.052457264577939415 -0.012438333846495082
69 552 0.1267847049850166 0 1.8728642251042007 0.7324194621756113 0.5480779393195359 0.3012005285993895 0.05839323004334324 -0.028833053877761257
70 560 0.1397723981111312 0 1.7679002032734847 0.7495573282093635 0.5546543269638632 0.340914026509728 0.08248195600225262 0.003793102241331267
71 568 0.11630321658286605 0 2.0524880711690603 0.7153756946336761 0.4812894101020453 0.2601108309441782 0.04493887271329418 0.01517339732990245
72 576 0.10245400109517648 0 1.9213664084104873 0.7612681534264882 0.5356757736432516 0.2971657619603238 0.06264024701335634 -0.004750892968631777
73 584 0.10119942966275194 0 1.7287107131018762 0.7227041554928569 0.5334722498714293 0.28792358320270955 0.07628104501164903 -0.017822368469750837
74 592 0.10666578096823147 0 1.7169162975283891 0.7581616705811585 0.5891321958607353 0.3135374195812766 0.08702610633475644 -0.012210118131458765
75 600 0.12542230215787878 0 1.6808367473022965 0.7562132659499069 0.5701911485865332 0.30406488921785335 0.1135461088597905 -0.014938964576423765
76 608 0.14331536849853888 0 1.529067540657916 0.8026414460323925 0.6228985484971598 0.3909121262364175 0.12962243119513633 0.05133107444093048
77 616 0.14433988959758726 0 1.571967435314504 0.7451389370341773 0.5644278226780219 0.3398965939845586 0.12990937244586476 -0.005465713994227142
78 624 0.1640410728870933 0 1.32216890974749 0.7813186486318405 0.620346270160852 0.412973201644284 0.18926595629782714 0.04237664945318517
79 632 0.18068325939761554 0 1.051461926892402 0.8323681476301816 0.681472871322848 0.4637681171564956 0.22005346030924544 0.03812123497025805
80 640 0.17110869049757113 0 1.4578453180835351 0.7947399362902317 0.614753945333814 0.3663844264756179 0.16086662754100375 0.04802403072238417
81 648 0.15815144424371677 0 1.3380943681113582 0.839760220757666 0.6805181553066831 0.44127021573270436 0.19232542839192718 0.0739589724897035
82 656 0.161284309065072 0 1.3688946168340879 0.8686209471317704 0.7632433205530984 0.5118392858788299 0.2737539593924194 0.06573383644902145
83 664 0.16378582721621915 0 1.0055575971289588 0.8289078994612192 0.6916611132620856 0.48597154243561963 0.24207710863390694 0.040932939317417975
84 672 0.19062191098013193 0 1.047687832433883 0.8725152940627025 0.7489849662222964 0.5524029049040219 0.2872653057979971 0.12786806790947264
85 680 0.20425253657518286 0 0.7738152364779085 0.8953016912145628 0.780517794009363 0.6035487107659309 0.38165098633341643 0.11444146488455305
86 688 0.1859426613542938 0 0.7872001964350063 0.8808800054028586 0.7746201716980019 0.611581318574714 0.36279123162818305 0.16892302852868502
87 696 0.15982522177939568 0 0.8825553799663706 0.8673509983853749 0.736994250940118 0.5315343998868025 0.2750026123602098 0.08462954056377074
88 704 0.13171404067847658 0 0.7891105257909623 0.8793174662115955 0.7948628583990017 0.6039692287900125 0.35357345537041474 0.13942806531257662
89 712 0.14788306712227814 0 0.7233333070537769 0.9282336393332071 0.8393840738354377 0.6889293203480373 0.4347701547132575 0.16818686889195253
90 720 0.15990855152880043 0 0.6280776799748085 0.9182099848430361 0.8189064806173408 0.6587649822521372 0.41755940937510977 0.15608688767171164
91 728 0.15800871526432 0 0.735066570565612 0.9113067901572302 0.8215435389362584 0.6597279525393802 0.41859019455324314 0.1324745383973313
92 736 0.14015412612485453 0 0.6304209054233729 0.8848435523142633 0.7957229511783425 0.6506948877114752 0.41767192725039504 0.1491494405127028
93 744 0.12321126142436778 0 0.5854935319284644 0.8884772833625598 0.8005448705334981 0.6486286274402915 0.4043724062995193 0.15358574553014284
94 752 0.1103853884276687 0 0.6515827449895951 0.8926657934263765 0.8087137718046712 0.6260171431612627 0.3919877722290186 0.15746831616854465
95 760 0.10455030487385157 0 0.5199332846621714 0.9091137278009315 0.8223660882707339 0.657003970589106 0.4325123167010741 0.19091210419035137
96 768 0.11368038737876301 0 0.55366765862253 0.9270972070389378 0.8443043312347838 0.7054191192226072 0.4631341020933781 0.218452181006918
97 776 0.10620860340332255 0 0.517717313293184 0.90003553743847 0.8057168641377777 0.6576047497091742 0.4290921482913685 0.19704166905748108
98 784 0.08877162613059632 0 0.5343763109426217 0.8959773319155282 0.8073805607540585 0.6602100410867674 0.429783918194273 0.1665347330797454
99 792 0.0711440153866202 0 0.4876329540900409 0.9040077773064881 0.8146581731205237 0.6584406842392132 0.43281926933807613 0.19209033860761532
100 800 0.06128946725759139 0 0.49288483854652737 0.9111539521754171 0.833952326537006 0.6846372133605355 0.4537423864432791 0.19040465666438605
101 808 0.0626843848086527 0 0.4280353666481478 0.915857752627964 0.8341509482761136 0.6930070611202857 0.46913008393265 0.21554908044824028
102 816 0.06728450334259913 0 0.4248595732875035 0.911689228831941 0.8377641903095125 0.6929723945842927 0.4737891242291748 0.2187885440439206
103 824 0.0756786798317358 0 0.44756791244630073 0.915494496389459 0.8472785776653766 0.7063271658257874 0.4794310382986816 0.23144218993004054
104 832 0.09717313920067155 0 0.38647484950890976 0.9216264978944615 0.8564592565909813 0.7171636553665076 0.5126493866115838 0.2527146933409068
105 840 0.11293631870945574 0 0.3888880955670684 0.9261774689819688 0.8612606351772052 0.7264203605331447 0.5421056313563175 0.27540407342979956
106 848 0.09979280137957475 0 0.4118190293652799 0.9387485298419513 0.8752887243521029 0.74624378558741 0.5326164176450923 0.2749030949989582
107 856 0.10074791931104811 0 0.36054072850364144 0.9289982909558009 0.8831482751906157 0.7656004971528166 0.5699808592139105 0.31270275035534945
108 864 0.10382030517176903 0 0.30979743713524294 0.9385334111338145 0.8749312016807514 0.7585866076886699 0.560203888247835 0.3053800724761719
109 872 0.11516073513894697 0 0.35393073663484464 0.9250008990097452 0.8567220391623002 0.7378288751854175 0.5515918304806883 0.3268770159530491
110 880 0.1104775630071551 0 0.3309937035067623 0.9275583140594587 0.8695651783500995 0.7648436149158624 0.5654657277453331 0.3299869886732541
111 888 0.11063720220991609 0 0.32353188369244 0.9496850752825606 0.8981956347614926 0.7891013458110251 0.6020386751274505 0.344385589276323
112 896 0.1068108855343114 0 0.2980172132277867 0.9372968736215979 0.8825194128956723 0.7884703538464134 0.6053563783778207 0.345898408644661
113 904 0.10924819158945341 0 0.308015523754656 0.9403631153615225 0.8764050313953137 0.782930867943475 0.5937912537286552 0.3416374960511563
114 912 0.09338331051541912 0 0.29922094514265773 0.9297433770104144 0.8704930927195169 0.7642456672771444 0.5679622521140257 0.3263652944325184
115 920 0.07974273901530446 0 0.27657243210454285 0.93380996504445 0.8662988548978131 0.7584332622622175 0.5707086406363436 0.32502536613989963
116 928 0.08072170699488967 0 0.24161813978612978 0.9458163650581686 0.8911509777611661 0.7884203513392263 0.606575685367995 0.3663798420054643
117 936 0.0810668719673263 0 0.24846495013387254 0.9479779034399889 0.8896756006450911 0.7972418277297862 0.6200797221792468 0.3957768733348968
118 944 0.07308190807370037 0 0.2266732580692657 0.9489623117185656 0.8940173353287658 0.7979530192274683 0.6217175866243883 0.3820968104901562
119 952 0.0800346394528109 0 0.2166603916100308 0.9465220121323182 0.8956255168407768 0.8105698000130026 0.6397405111585177 0.4076536966142351
120 960 0.08572006683336654 0 0.18884041940064028 0.9491458165750511 0.9006809551428 0.8139008905750407 0.649083104930578 0.4204795916722345
121 968 0.09932182768802453 0 0.19229094397309726 0.9422601087914241 0.894060971436463 0.7975312426713832 0.6413908040284869 0.4147174363998201
122 976 0.1177220890436731 0 0.1355652750976062 0.9609368325409035 0.9161388885307717 0.8355026595001059 0.6956747596338844 0.48459998828301776
123 984 0.1344898239844132 0 0.11790793534554439 0.9574896506071761 0.9170272784175648 0.8419520134806139 0.7131078843947145 0.5079156908052344
124 992 0.136200326957462 0 0.1277809148961806 0.9593195363700328 0.9160104755658358 0.8414483109661517 0.7026806416538849 0.4921195438673874
125 1000 0.12521514110218032 0 0.14400544609083932 0.964569571113958 0.9288568697803264 0.8475042395299072 0.724683538155271 0.5146988453053952
126 1008 0.1558240016793051 0 0.08495010295461422 0.9777331883848116 0.9542083121405196 0.9058247900840827 0.8383118008035196 0.6912865262213728
127 1016 0.17140477012861322 0 0.06142360178203178 0.9759794329466819 0.9513859524713505 0.8966149033600876 0.8076804862356263 0.656820769375602
128 1024 0.16986668727441767 0 0.1318376878603726 0.9657114553308257 0.9463829333993113 0.8869676884454429 0.776888947495318 0.6206037119652505
129 1032 0.1425737274212644 0 0.11198789191744919 0.9721916879551527 0.94358359839645 0.8808455364719302 0.761980801603858 0.5898648737172443
130 1040 0.12339367360441472 0 0.08769186770052197 0.9689611213943441 0.9529422311159581 0.9042720756912669 0.8051976901688096 0.6506418093932804
131 1048 0.11585234816305923 0 0.07205137635234156 0.966117168160891 0.9440911164537983 0.8971548918858866 0.8114097720688508 0.6533927427179268
132 1056 0.10953937823303005 0 0.04861673143481952 0.9772846539693998 0.9535051445938421 0.9070210244286662 0.826373354733274 0.6757679870167927
133 1064 0.09607790390592723 0 0.06920519458294923 0.9768042417163655 0.9480167631664064 0.9019742413929442 0.8283237619339474 0.6877719174505035
134 1072 0.08334809876421971 0 0.06432119113686152 0.9756991489486126 0.949507912833271 0.8972961689014869 0.80806476207634 0.6632159974410169
135 1080 0.07722469266865704 0 0.05382870271610407 0.973507539044612 0.9498855546629212 0.9046102346635632 0.8279346454518681 0.6814102624923521
136 1088 0.06707636712375954 0 0.05176868066418888 0.9758277363897875 0.9496724361384129 0.9029572426617931 0.817795240225271 0.6619676691127018
137 1096 0.06579743293409195 0 0.04439998364472804 0.9747943510582806 0.9551415658117871 0.9147088766581427 0.8384968727209426 0.695957872579283
138 1104 0.05955938535712987 0 0.04376711999435817 0.9742168343675869 0.9526612680711859 0.9077470523437271 0.8250999644417518 0.678871455935805
139 1112 0.06218109789811266 0 0.04162690659004074 0.9808298918315494 0.9629732387889325 0.9241700718125652 0.8517609539326226 0.7152299044803057
140 1120 0.06090751180491011 0 0.04176062826601515 0.9809017155543144 0.9611025382808304 0.9162260566956424 0.8405101077629672 0.7024659817811175
141 1128 0.05892261853720575 0 0.0397437200345421 0.98219335515548 0.9652896024342312 0.9242257226483356 0.8494232699007815 0.7172956400904928
142 1136 0.06018527041014461 0 0.03512843627010134 0.9822937073483953 0.9672466062824249 0.9309851923431366 0.8636069937854225 0.7376012103761448
143 1144 0.05936487590820163 0 0.033327741070294195 0.9805261535448722 0.9616231335482177 0.9238134144459077 0.8527581741800953 0.7209834632647952
144 1152 0.0728317711831859 0 0.02435865525308488 0.9857759405496045 0.973788964745312 0.9467428132844755 0.8910144568291413 0.7866318264035206
145 1160 0.08692372356316427 0 0.026643318217143976 0.9798919947105208 0.9652918085131641 0.9373606051247114 0.8773747767788582 0.7683626925170326
146 1168 0.08987329414399893 0 0.01999890913189023 0.9867020047087356 0.9751128921701783 0.9484681960291792 0.8958005736790375 0.7965828542464343
147 1176 0.10785196949978496 0 0.012540671799376861 0.9891845408462258 0.9773030948622355 0.9578853004883376 0.9226033844445858 0.8485868497897241
148 1184 0.09569038044293061 0 0.01646201905838652 0.9863442251661697 0.9747205276139845 0.9469122568661461 0.8950695821251096 0.799679429753795
149 1192 0.09240886805921358 0 0.014584773277785458 0.9905888432097085 0.9806157081808143 0.9551979194956313 0.9140676098073469 0.8337828946351103
150 1200 0.08815261327829943 0 0.010907652870815443 0.9888191736031213 0.9832347745276089 0.968320759197156 0.9348304793195227 0.8773987996476627
151 1208 0.08899494226324829 0 0.009446419850698098 0.9958302944695528 0.9906481393334872 0.9738089959559019 0.9489553019892323 0.8992359432730208
152 1216 0.08059118320540257 0 0.010295323572534808 0.9907875807649281 0.9847970323353232 0.9644488485638052 0.9311085098443266 0.8671899344891033
153 1224 0.07238640573265309 0 0.009257164297501182 0.9904143650437038 0.9821727296725848 0.9623804293151339 0.9282927998462278 0.8583152618352985
154 1232 0.06425211554758599 0 0.009031548723402682 0.9898930084428803 0.9795945742348692 0.9601163264415601 0.9242441913872909 0.8565992711822478
155 1240 0.06111150454033856 0 0.003860841796704137 0.9933933122616245 0.9886676411923335 0.9797310691436897 0.9579130371970324 0.9159517564680654
156 1248 0.06445471729706723 0 0.00607222690278557 0.9924872690781908 0.9871592444396425 0.9791135553575803 0.9568585612567299 0.9180901509356271
157 1256 0.06513718863213147 0 0.0021244091401133184 0.9951786721150103 0.9914799928602845 0.9855762891931785 0.9702329216681903 0.9407245155668811
158 1264 0.06575564331292531 0 0.003675373251614821 0.994800454518873 0.9921304527788087 0.9877686328721307 0.9766713649071573 0.9507531919501875
159 1272 0.0571606763777398 0 0.004052998188348511 0.9931654634623122 0.9907958541652552 0.9817584889853944 0.9640161948361462 0.9311669955789234
160 1280 0.0597159895657988 0 0.004909351704777737 0.9994005385881963 0.9991443654976321 1.0015776932362805 1.00232572598033 0.9985428532262932
161 1288 0.05961338162638587 0 0.0007532231380910713 0.9975706471733188 0.9965356371724295 0.9930541732643998 0.9869750888545428 0.9757247289064197
162 1296 0.061333514921696405 0 0.00033006593976252425 0.9990922574733838 0.9989529725583313 0.9974876996746432 0.994177367990498 0.9871773449695196
163 1304 0.050107940276977785 0 0.0011563232607130951 0.9966886839940806 0.9939033718838296 0.9889227326648684 0.979196621077501 0.9604350051469395
164 1312 0.04355427625513498 0 0.0005829773750157409 0.9976791346572431 0.9962945500939766 0.993695517229496 0.988560682446936 0.9764806302141522
165 1320 0.041389357320241384 0 0.0005448691186706776 0.9995416513133779 0.9987751872825528 0.9977363736266082 0.9937169341327228 0.9861483638578725
166 1328 0.0373312655870225 0 0.0001548667472429938 0.9996245091791434 0.9990712428041374 0.9979714235721118 0.9950270105817376 0.9894933880528907
167 1336 0.03507464274599362 0 0.0005264113906759608 0.9980941587784272 0.9962109295415427 0.9918963042038331 0.9848166099313023 0.9708186919474276
168 1344 0.03210111484390231 0 0.0004082520605527541 0.9983909885555698 0.9975697423043893 0.9949500300987216 0.9902445346977456 0.9820105785728762
169 1352 0.03161869364763652 0 0.0002530222629400364 0.9998495952641129 0.9997026771102518 0.9997165804869169 0.9986694774978349 0.9986936673837784
170 1360 0.027387532076441918 0 1.7347807938314086e-05 1.0002466771591607 1.0003816685580478 1.0008240184807593 1.0012869033177674 1.0026071067020124
171 1368 0.02711817749798914 0 4.1315984887847404e-05 1.000163096777735 1.0007346516159967 1.0014951530260103 1.0028711117796174 1.0060976080468027
172 1376 0.030076163374889334 0 0.00010917003937914446 1.0006092761787224 1.0015363403483375 1.0024693549555217 1.005410088099207 1.0106862822275757
173 1384 0.026835370480268076 0 0.00019466776190336322 0.9998129843489189 1.0002110083404872 0.999879800439907 0.9988882486018313 0.9985110960408862
174 1392 0.02463539884796037 0 7.797117811952168e-05 0.9998638439067209 0.9993308858816371 0.9993733712022307 0.9984573692077007 0.9969296883041633
175 1400 0.021908949352276757 0 0.00020566020908851729 1.0000125841533052 0.9999165150433131 1.0006971232425155 1.0013952781591922 1.0039211094235185
176 1408 0.0193813398361802 0 0.00019716559164583607 1.000394243185706 1.0007880493167496 1.0023452161210267 1.0036552822726632 1.0070049577003097
177 1416 0.018967229787120756 0 0.00012628376460385238 1.00042570755363 0.9998544506255165 0.9998964285811827 0.9997123803897368 0.9998980692997844
178 1424 0.019244447299198324 0 7.609950085761579e-05 1.000152378727033 0.9998784157970458 1.0002912519396967 1.0011107072992949 1.0021888186397336
179 1432 0.017428539321792995 0 4.490244925582423e-05 0.9996441988243525 0.9995075370798975 0.9995918435596841 0.9989742196315744 0.9978554230740292
180 1440 0.014502904739856525 0 5.3687628295165036e-05 1.0001530416789894 0.9996895909155061 0.9994800857560439 0.9986689643211086 0.9975398146357265
181 1448 0.013449332520213637 0 4.2741987508472336e-05 0.999890146956146 0.9995818049248157 0.9995119038511855 0.9993934680036737 0.9991371994301521
182 1456 0.012990866805398918 0 1.3554282161781383e-05 0.9998778480115116 0.9998657516849588 1.000008505972089 0.9998150490793509 0.9995576606984076
183 1464 0.01256488624213211 0 2.530350788061053e-05 1.0003870043650793 1.000743319323713 1.0016726665602713 1.0032452488860215 1.006242609810641
184 1472 0.012394512325851977 0 7.95276641438296e-06 1.0000402851250094 1.0001618936154664 1.0004088276689074 1.0007511797949062 1.0012712919626394
185 1480 0.010956177686293046 0 4.812819077450903e-06 1.000093546567721 0.9999888732117925 0.999991219244462 1.0000013016861684 0.9999120124426363
186 1488 0.009181367447863874 0 3.1655341503496844e-06 1.0000923929092145 1.0000790370149784 1.0001133383078937 1.0001188635551743 1.0003178966041033
187 1496 0.008210429453523087 0 1.0176882187830557e-05 1.0002904342572796 1.000487275164972 1.0011029295465128 1.0021668231400762 1.0044506761066638
188 1504 0.007837136552074873 0 1.0287600932892238e-05 1.000157664744265 1.0003977583590191 1.0005774992347611 1.0012261736872523 1.0023013201110733
189 1512 0.0072647784541468325 0 4.035299757598581e-06 1.0000784126399322 1.0001595674853234 1.0002376872255052 1.0003023563435844 1.0005605597730995
190 1520 0.007010287805540397 0 5.225198420641268e-06 0.999987511121067 0.9998040645045305 0.9996787653403169 0.9994237764993708 0.9987533929833151
191 1528 0.006492450522533269 0 3.201711138595273e-06 0.9999505074076126 0.9998313509446118 0.9998074864271895 0.9995630094095957 0.9991564784548128
192 1536 0.005435026718040369 0 2.7887392577461726e-06 0.9999917852587218 0.9999279052859817 0.9998759547174767 0.9996018968632951 0.9991948189379476
193 1544 0.005069900354612957 0 1.0865988186401456e-06 1.0000648792589808 1.0000946950809475 1.0001237486932322 1.00031056895842 1.0006312715013417
194 1552 0.004239058959235356 0 4.443107917694491e-07 1.000000000502815 0.999999776521712 1.0000373584148199 1.0000435262893959 1.0001318648757769
195 1560 0.00387872486995663 0 7.214179251752892e-07 1.0000896354651987 1.000122476628898 1.00020949338816 1.0004315010733307 1.00086971056154
196 1568 0.003242762379553089 0 7.045393422067745e-07 1.000086391609309 1.0001455303930364 1.0002504904246388 1.0005190209389507 1.001011409512379
197 1576 0.0028123929071378036 0 5.551978629519823e-07 1.0000552438129615 1.0000736653458733 1.0001385803115854 1.0002223127121093 1.0004262968720816
198 1584 0.002309255029830545 0 5.344757164348257e-07 1.0000858324783297 1.00013127486404 1.0002633313613196 1.0005182816831184 1.001040732365759
199 1592 0.0019719094870338932 0 5.621314650111744e-08 1.0000249105383743 1.0000435845479119 1.0000870361979382 1.0001620140621128 1.0003202880665392
200 1600 0.001911747596206874 0 5.113452491426818e-08 1.0000126858005833 1.0000224533990676 1.0000489450280001 1.0001010507972823 1.0002206544698624
201 1608 0.0018593714829081534 0 1.0580204858188506e-07 0.9999667224257747 0.9999535470049268 0.9999066705471928 0.9998099125712454 0.999607177279551
202 1616 0.0017621684891199574 0 7.745700556192257e-08 1.0000183009814467 1.0000391670788868 1.0000789133564858 1.000175803946142 1.0003442450253845
203 1624 0.0015821866549933213 0 8.739151862915079e-08 1.0000018379139681 1.0000078788880074 1.0000057186603573 1.0000062560817824 1.0000394796992684
204 1632 0.0014126519477622105 0 5.6236877545360515e-08 1.0000146934067529 1.0000107628449897 1.000014746877682 1.0000361198693613 1.0000825906160637
205 1640 0.0011621884509208638 0 3.0853251965407855e-08 0.9999970283193296 1.0000000232033392 0.9999888256667259 0.9999716823206969 0.9999534669897421
206 1648 0.0010292204990234176 0 4.1347241072263604e-08 1.000006271188289 1.0000150596036388 1.000031816761025 1.0000449927470223 1.0000851180941408
207 1656 0.0009993530204622828 0 4.2901537259282526e-08 0.999979527672053 0.9999749611695703 0.9999494141175511 0.9999037387670501 0.9998122799348326
208 1664 0.0009234335950548059 0 4.8261789099348036e-09 0.99999922035468 0.999992741754259 0.9999857035231428 0.9999716836707315 0.9999411178179
209 1672 0.0008134620995787369 0 1.4676891485418506e-08 1.0000039933297833 1.0000020178546347 0.9999938997577 0.9999898854420082 0.9999782031201739
210 1680 0.0006955635674111613 0 8.082926782674173e-09 0.9999984362967194 0.999990110491981 0.9999777153139803 0.9999572517740054 0.9999156309535558
211 1688 0.0006289995656895013 0 9.530831479957498e-09 0.9999920153501853 0.9999814921883979 0.9999607170547071 0.9999239105359599 0.9998473728825938
212 1696 0.0005452710003074166 0 9.903152667889663e-09 1.0000011824440527 0.9999941871625638 0.9999931003954158 0.9999888903429084 0.9999785055786602
213 1704 0.000501320227239687 0 7.765057516368502e-09 1.0000068150884913 1.0000084073090547 1.0000103880576179 1.0000194142696357 1.0000399223951104
214 1712 0.00045343942782726963 0 3.8646389348201605e-09 1.0000045110694222 1.00000590949142 1.0000072880777968 1.0000166177751286 1.0000325917032664
215 1720 0.00045610734335619024 0 7.630499438326049e-09 1.0000038690686204 1.0000072185680713 1.0000085091722106 1.0000149408500765 1.0000241416930173
216 1728 0.00040532154082490796 0 4.731413423600177e-09 1.000005364384336 1.0000063393836598 1.000010313519492 1.0000168359300416 1.0000355406893846
217 1736 0.0003429091203375454 0 2.2470876924066193e-09 1.000002120775277 1.0000047404814294 1.000006177068813 1.000014584362272 1.0000310541578488
218 1744 0.0003740335755784438 0 2.093792325795148e-09 0.9999948709697847 0.9999918274008234 0.9999830790876534 0.9999656251274199 0.9999318534670161
219 1752 0.0003569188770397231 0 1.637695837034987e-09 1.0000006152192464 1.0000033940187245 1.0000035413557584 1.000006688829552 1.0000128228021274
220 1760 0.0003504308475035548 0 1.53531137549805e-09 0.9999990923013304 0.9999977168604612 0.9999952093297884 0.9999942196763267 0.9999885508740739
221 1768 0.0003511735043442872 0 1.0244996532810026e-09 0.9999975584124843 0.9999980560498896 0.9999964739216646 0.9999930534122288 0.999985235294883
222 1776 0.00029751759849153456 0 7.610131878547528e-10 0.9999995298581177 0.9999981816771226 0.9999986474529288 0.9999961049982435 0.9999922404270064
223 1784 0.00025252926861144557 0 6.709456320619375e-10 1.0000017689981275 1.0000020173540525 1.000002768855701 1.000006862575577 1.0000143731573088
224 1792 0.000254164258842811 0 6.609333498756701e-10 1.0000024711906605 1.0000032274685995 1.0000066134677807 1.000012118718233 1.0000248239018696
225 1800 0.00022976048838309207 0 3.9148834891307465e-10 0.9999984386132031 0.9999976501847029 0.9999954741906444 0.9999920310952092 0.999982968852714
226 1808 0.0001833600363131021 0 2.2838565269156856e-10 1.0000000249810381 1.0000008531149933 1.0000004681568428 1.0000012211484417 1.0000024209381577
227 1816 0.0001601650005249932 0 3.376589201974239e-10 1.0000006459264226 1.0000016733386545 1.0000040420638536 1.000008904865807 1.0000188516330408
228 1824 0.00014224648168799036 0 2.9370207564226265e-10 0.9999999083946188 1.0000008187166103 1.000002653060442 1.0000054918369603 1.000010284847685
229 1832 0.0001297936745388969 0 2.999879941704358e-10 1.0000016586362441 1.0000028725336179 1.000006443698441 1.000012612952843 1.0000255761575478
230 1840 0.00012013249800680477 0 2.9624204549149993e-10 1.000001109883111 1.000000975192565 1.0000026325382927 1.000005683307441 1.0000119658800959
231 1848 0.00010386646198619561 0 1.7221920264337094e-10 1.0000007140324136 1.0000013413282207 1.0000036648806963 1.000007391667244 1.0000149890735595
232 1856 9.825883557561431e-05 0 1.1960099804568407e-10 0.9999996012088237 0.9999992236751546 0.9999993434387452 0.9999987889497169 0.9999969816025291
233 1864 9.982440696683869e-05 0 2.383825135346675e-11 0.9999995980935062 0.9999990638700116 0.9999983854695313 0.9999966821152925 0.9999933586602303
234 1872 9.246578327662561e-05 0 1.249251575891772e-11 0.9999997824995549 0.9999999057231572 0.9999998794308844 0.9999997586895704 0.9999995714232652
235 1880 7.745941177233954e-05 0 5.404228506027094e-11 1.000000112727055 1.0000006611025027 1.0000017546215103 1.0000034627464993 1.000006846153037
236 1888 7.0614693998135e-05 0 2.9357319979904326e-11 0.9999999727612642 0.999999887066719 0.9999998524124682 0.9999992473462159 0.9999982325402621
237 1896 5.8225867671352965e-05 0 2.827466519424495e-11 1.0000000623094876 0.9999998370121626 0.9999999644189328 0.9999998174902861 0.9999993145879691
238 1904 4.9490118360484224e-05 0 3.085467495433668e-11 1.00000048429791 1.000000840733182 1.0000018171914016 1.0000033796408783 1.0000065307624966
239 1912 4.5762160973325754e-05 0 1.3564708329573781e-11 0.9999999723354719 0.9999998586539446 0.999999776242556 0.9999996606716766 0.9999989878603456
240 1920 4.674919434765799e-05 0 1.215365830693466e-11 1.0000003063111158 1.0000005578245004 1.0000010620915694 1.0000022997538942 1.0000044705881221
241 1928 4.729401678512694e-05 0 8.401641274112642e-12 0.9999998473814855 0.9999995871698003 0.9999992825627251 0.9999987114660354 0.9999975479334161
242 1936 4.109651133523972e-05 0 7.264735900147144e-12 1.0000001314633873 1.0000001327296961 1.000000409422053 1.0000009701775872 1.000001915229373
243 1944 3.878715797157836e-05 0 7.947173610806943e-12 1.000000002339143 0.9999998594197861 0.9999997698786361 0.9999996311119435 0.999999475139567
244 1952 3.634442720005073e-05 0 9.400530156862841e-12 0.9999998926693763 0.999999755078322 0.9999993846478421 0.999999006836413 0.99999793276443
245 1960 3.401280833887548e-05 0 6.335891478971397e-12 1.0000000107788825 0.9999998716003466 0.9999997286791914 0.999999589714382 0.9999990360511004
246 1968 2.7102641370697565e-05 0 4.5031716115993116e-12 1.0000000133047013 0.9999998985336993 0.9999998386824228 0.9999998119671769 0.9999995341556667
247 1976 2.577191330845785e-05 0 2.506732395171711e-12 1.0000000357146837 1.0000000738859605 1.0000001618899033 1.0000004600958363 1.000000858275755
248 1984 2.713667331787214e-05 0 1.856289223933063e-12 1.000000067975492 1.0000001667624743 1.0000003859239746 1.0000007299067506 1.0000013825644563
249 1992 2.480110603890012e-05 0 7.902738292764981e-13 1.0000000176571882 0.9999999688225456 0.9999999021632117 0.9999998066385624 0.9999996549283325
250 2000 2.3335900745834907e-05 0 1.1780110413255382e-12 1.0000000936384945 1.000000151627414 1.0000003484694953 1.0000006836968982 1.0000014130361583
251 2008 1.9630737635414582e-05 0 3.547146328754864e-13 0.9999999812319952 0.9999999293396118 0.9999998809121846 0.9999997889358977 0.9999996019515491
252 2016 1.6719043872151355e-05 0 2.4956867489749e-13 1.0000000088437733 0.9999999939890086 0.9999999902388602 1.0000000240788578 1.000000052629999
253 2024 1.7074693445518512e-05 0 4.373947772328362e-13 1.0000000429892888 1.0000001056968737 1.000000208482667 1.0000004421416195 1.0000008555941056
254 2032 1.533860121340944e-05 0 1.0588341319064433e-12 1.00000001234724 0.9999999979327056 1.0000000732870054 1.000000085502688 1.0000001754723913
255 2040 1.342286530598329e-05 0 5.029409908339803e-13 1.000000013937483 1.0000000817460888 1.0000001348505452 1.000000259586341 1.0000005359118025
256 2048 1.1817660194856974e-05 0 1.5313396658215444e-13 0.9999999911948548 0.9999999687236182 0.9999999216130617 0.9999998694608984 0.9999997516962521
257 2056 9.417418299254182e-06 0 7.959944395395576e-14 0.9999999899541112 0.9999999628265415 0.9999999209497806 0.9999998493577251 0.999999709770664
258 2064 7.930280395363056e-06 0 1.2231596392107175e-13 0.9999999877035954 0.9999999710766758 0.9999999417566223 0.9999999092258052 0.9999998388700718
259 2072 6.747682169895774e-06 0 1.4266730852993352e-13 1.0000000246254634 1.000000052151131 1.0000001072583709 1.0000002406343655 1.0000004814677117
260 2080 5.800173793013064e-06 0 9.525598114595313e-14 1.0000000008112047 1.000000002647986 0.9999999943649883 1.0000000149403194 1.0000000418143378
261 2088 5.13781066616316e-06 0 8.086950504844109e-14 1.0000000192659158 1.0000000270624503 1.0000000675704472 1.0000001467419235 1.0000003029578735
262 2096 4.236574207388282e-06 0 4.430463822154028e-14 1.0000000073675634 1.0000000111337077 1.0000000205283563 1.0000000454145725 1.0000001103596239
263 2104 3.93265190349935e-06 0 3.885540921505295e-14 0.9999999969967045 1.0000000042822723 1.0000000021059376 1.000000013623815 1.0000000395041044
264 2112 3.878157855725574e-06 0 2.001042492424733e-14 1.0000000042781456 1.0000000156862943 1.0000000306434547 1.00000007004806 1.0000001433941212
265 2120 3.5700096308567663e-06 0 1.60528988273691e-14 1.000000004911573 1.000000011867025 1.0000000264095321 1.0000000573671002 1.0000001240602288
266 2128 3.345656965884003e-06 0 1.303354720282376e-14 1.0000000043538364 1.0000000159390692 1.0000000303618903 1.0000000630284998 1.00000013038796
267 2136 2.964637598151866e-06 0 1.2075177040573907e-14 0.9999999974966971 0.9999999990842262 0.9999999969802175 1.000000004073394 1.0000000080771378
268 2144 2.9801737424511205e-06 0 5.495089719185889e-15 1.0000000002840086 1.000000002369707 1.0000000105587326 1.0000000183800495 1.0000000391677553
268 2144 2.9801737424511205e-06 0 5.495089719185889e-15 1.0000000002840086 1.000000002369707 1.0000000105587326 1.0000000183800495 1.0000000391677553
