% # columns="iteration, evaluation, sigma, max axis length,  min axis length, all principle axes lengths  (sorted square roots of eigenvalues of C)", seed=400000, Sun Oct 28 19:59:40 2018
1 8 0.6845956499236088 1.0000400008000108 1.0 1.0 1.00001000005 1.0000200002000015 1.0000300004500045 1.0000400008000108
2 16 0.5959892210181318 1.0194157558350008 0.8581879450910684 0.8581879450910684 0.9581119084779642 0.9902687977722521 0.9984007793684186 1.0194157558350008
3 24 0.48533601738822646 1.0330460293668708 0.7710878926465423 0.7710878926465423 0.9391235237450676 0.952622963518165 0.9939412393398481 1.0330460293668708
4 32 0.40629425153643023 1.007294611631595 0.7338879032108565 0.7338879032108565 0.8514974306086392 0.9276274860988885 0.9903173325165179 1.007294611631595
5 40 0.3525290050646116 1.0267558461403408 0.6447688819795747 0.6447688819795747 0.8450428195063208 0.8719463241067851 0.9712065924879169 1.0267558461403408
6 48 0.28809445251191673 1.0270426496833895 0.5981672674264185 0.5981672674264185 0.7546127469681996 0.8854600852756705 0.9634135434598856 1.0270426496833895
7 56 0.2630094182521674 1.0150506743248175 0.5842951879182303 0.5842951879182303 0.7057106862084801 0.8261440346568898 0.9396241567028959 1.0150506743248175
8 64 0.22208465982058967 0.9585192767834047 0.5804251492886445 0.5804251492886445 0.6826348705327583 0.8356229292054154 0.8877133324570546 0.9585192767834047
9 72 0.19679227927033885 0.9794311533028625 0.5743722392032906 0.5743722392032906 0.5944615853276457 0.8202960417203738 0.8667038753271008 0.9794311533028625
10 80 0.1831657660011771 0.9631010043599472 0.4650831884541384 0.4650831884541384 0.6290971673027467 0.8102141314648292 0.8579789856437292 0.9631010043599472
11 88 0.17111358486939995 0.9602265422005891 0.4609748991173032 0.4609748991173032 0.6022221924229924 0.761625036524736 0.8389161535489457 0.9602265422005891
12 96 0.17671938516135616 0.9856436214737475 0.4565720774684446 0.4565720774684446 0.563945922229567 0.7009451509944794 0.8486677103512357 0.9856436214737475
13 104 0.16737611384571416 0.9817652873063263 0.4676010320459999 0.4676010320459999 0.5370620977630413 0.7056340923558082 0.8017035438540289 0.9817652873063263
14 112 0.14561535925247676 0.9894300289019368 0.4616912731094073 0.4616912731094073 0.5000715950500212 0.6867372411148779 0.7869317714419475 0.9894300289019368
15 120 0.14167886033660154 0.8796349435873482 0.43287033530321734 0.43287033530321734 0.4963731304298646 0.6960277547053921 0.8004628423924234 0.8796349435873482
16 128 0.14328375161026033 0.9260782803695442 0.43861233493844753 0.43861233493844753 0.4563811598214155 0.6888001509586391 0.767531256583599 0.9260782803695442
17 136 0.13833353675239907 0.9560994450859068 0.40530882274281255 0.40530882274281255 0.4604221736393258 0.7146586573517495 0.7395122042021876 0.9560994450859068
18 144 0.1413325363877865 0.9836964879855357 0.40704400169088445 0.40704400169088445 0.42232910174458005 0.6395976339433812 0.7282818214229506 0.9836964879855357
19 152 0.13001794304255085 0.9636483288018335 0.410268501064695 0.410268501064695 0.4175680322988462 0.6249260092048706 0.6849335281351694 0.9636483288018335
20 160 0.10813869446342612 0.9651436670640987 0.37875554771488135 0.37875554771488135 0.4305283640992193 0.5958067784983714 0.6335723419209451 0.9651436670640987
21 168 0.09909024561269202 0.9757033597394326 0.33289950237053345 0.33289950237053345 0.41128144272484457 0.5754713939455718 0.6510897694077007 0.9757033597394326
22 176 0.08350668671835933 0.9854488740064797 0.3332107348039878 0.3332107348039878 0.3984335785568118 0.5209535918828966 0.6482815403901938 0.9854488740064797
23 184 0.07516180077391624 0.9491256076442524 0.31420596006177764 0.31420596006177764 0.3930703699419599 0.4951433280520686 0.634249835747794 0.9491256076442524
24 192 0.06754202778612844 0.8511072138876364 0.31412719036350123 0.31412719036350123 0.39135691107588894 0.4837970980504225 0.620645079965601 0.8511072138876364
25 200 0.062598639647916 0.8362383230576012 0.2925894895672493 0.2925894895672493 0.37280797259258475 0.4749867229591997 0.6012350970159153 0.8362383230576012
26 208 0.056517269288654255 0.7946202241788953 0.2925628134828423 0.2925628134828423 0.35124213886979083 0.4877956043407859 0.5886763114277018 0.7946202241788953
27 216 0.05375687890692172 0.7896486547062955 0.2677389605371689 0.2677389605371689 0.3582280953365102 0.47323628246775284 0.5687483108715652 0.7896486547062955
28 224 0.0497087749294666 0.7782447703141302 0.2775742419599425 0.2775742419599425 0.32057804991281685 0.4698437742290544 0.5646696071491366 0.7782447703141302
29 232 0.0431401090293122 0.7583445297396749 0.27176881443221884 0.27176881443221884 0.3071701683610756 0.46688993162630393 0.5711661907361932 0.7583445297396749
30 240 0.04185336602477634 0.7605657183494934 0.26377778873715124 0.26377778873715124 0.30849644309299407 0.42251974468877374 0.5299456532021263 0.7605657183494934
31 248 0.04163050319904351 0.709568019283671 0.27279291457494276 0.27279291457494276 0.3128467773266989 0.41276929498619574 0.5226111954019002 0.709568019283671
32 256 0.04751486387400045 0.7656506630080606 0.27939644618086507 0.27939644618086507 0.28206050675350314 0.41238388761199574 0.4848976747392515 0.7656506630080606
33 264 0.052034900939638466 0.81606769221453 0.2648717073017183 0.2648717073017183 0.29510489553576935 0.40719194209462806 0.5036605134020586 0.81606769221453
34 272 0.06082879675033109 0.8160340220346592 0.24957013144708365 0.24957013144708365 0.30957508700579844 0.38382337076443496 0.515459191002067 0.8160340220346592
35 280 0.059769207720969414 0.8820575208557674 0.24031626341699108 0.24031626341699108 0.27876604656754184 0.4203682836819721 0.49281643743988196 0.8820575208557674
36 288 0.07111375057429638 0.8859818544796528 0.23258749128810371 0.23258749128810371 0.27113511632564125 0.40884753968766235 0.4620564799857197 0.8859818544796528
37 296 0.07827930238533719 0.8804984072000744 0.22609220170779942 0.22609220170779942 0.3196764055867967 0.4237878362285929 0.4312067465116991 0.8804984072000744
38 304 0.0921477980169577 0.8475150752613622 0.2587703087401655 0.2587703087401655 0.3182062311086102 0.3999297902648021 0.4219853866015362 0.8475150752613622
39 312 0.12816609242156152 0.9474163192306723 0.24782861589191613 0.24782861589191613 0.3332130041181111 0.37737847127908125 0.4082289730440619 0.9474163192306723
40 320 0.17291302876224435 1.0383403448773167 0.237382949098396 0.237382949098396 0.3159377351654792 0.389319156053583 0.3988146154353537 1.0383403448773167
41 328 0.1723082231021809 1.0727411193385714 0.20438473777490967 0.20438473777490967 0.30900306731971233 0.39517220397170727 0.4296310630601676 1.0727411193385714
42 336 0.17605449257380248 1.061753992593113 0.19748709134664036 0.19748709134664036 0.3195940062430299 0.3497166834578599 0.43963010268828945 1.061753992593113
43 344 0.17754043868714817 1.0513905182394256 0.20435056597935852 0.20435056597935852 0.3014167577010661 0.3494756925807875 0.42354692115291714 1.0513905182394256
44 352 0.15631248704080283 1.1056701218287248 0.18446543416150196 0.18446543416150196 0.2918163044043604 0.34109248493398464 0.3930300906807174 1.1056701218287248
45 360 0.13554010882107306 1.0904441665065048 0.1791161641902542 0.1791161641902542 0.28559333134767767 0.32628283067331004 0.3628107782660365 1.0904441665065048
46 368 0.11765808236202777 1.0444334834798914 0.17329835836577565 0.17329835836577565 0.2779252337689374 0.3007015394542405 0.36086869920016845 1.0444334834798914
47 376 0.09959097034991712 0.96396353312107 0.17562923838792827 0.17562923838792827 0.2768556960360724 0.29443994945642354 0.34426360905616354 0.96396353312107
48 384 0.09176549053098798 0.9115963309322069 0.16645740902781986 0.16645740902781986 0.26373718980680416 0.2860891872267756 0.34044966913849695 0.9115963309322069
49 392 0.07984125843604463 0.8413434704072335 0.1719343002261036 0.1719343002261036 0.2564098367160341 0.27991504637956055 0.3232082613886956 0.8413434704072335
50 400 0.0702475849709773 0.8033622086562284 0.16475166151292253 0.16475166151292253 0.23927777456188615 0.2705360755239092 0.32286981807734716 0.8033622086562284
51 408 0.0709694623705963 0.7362229879136065 0.16110841089661834 0.16110841089661834 0.24365746342200367 0.2582069359346285 0.3274675900098894 0.7362229879136065
52 416 0.06989110209947226 0.7512463348494767 0.16356805844713157 0.16356805844713157 0.23462076711799382 0.24212575933148922 0.3365245573031234 0.7512463348494767
53 424 0.07054043141481096 0.7550764757021139 0.16007582603926424 0.16007582603926424 0.2139932849784151 0.2552722370457841 0.31404373327176854 0.7550764757021139
54 432 0.0642483242128229 0.752095607053371 0.14746839654322466 0.14746839654322466 0.21060624830742317 0.24295349193976115 0.32038488668016024 0.752095607053371
55 440 0.06059301997936192 0.6900636709722745 0.1468300248867372 0.1468300248867372 0.20438156037407626 0.23220271265901588 0.3182397183417481 0.6900636709722745
56 448 0.062125750838181504 0.7105740291435856 0.13978000826443754 0.13978000826443754 0.196870872289132 0.22687454643646426 0.2898934689381638 0.7105740291435856
57 456 0.05514983929232393 0.7398653494577939 0.1292260522459364 0.1292260522459364 0.1907869958648884 0.21614208736617527 0.2900823173280164 0.7398653494577939
58 464 0.051460922572818514 0.7112937599971869 0.12943482156466615 0.12943482156466615 0.17221946174441072 0.21020396472718308 0.2821708576807101 0.7112937599971869
59 472 0.041379389431429624 0.6988813374352691 0.1333722339207833 0.1333722339207833 0.16874116303469272 0.2070761587544737 0.25736334471549566 0.6988813374352691
60 480 0.04097263710792573 0.6644476029182823 0.13411522956617536 0.13411522956617536 0.16229696854376127 0.18961764003525677 0.24873894246123704 0.6644476029182823
61 488 0.04671790673779442 0.6737186915622358 0.13087778215344575 0.13087778215344575 0.14650668621302745 0.20018883480835456 0.2639913069274515 0.6737186915622358
62 496 0.05004366161715501 0.7427306054501657 0.13063993503292243 0.13063993503292243 0.1551511890980322 0.18916455135398227 0.2590870099752122 0.7427306054501657
63 504 0.05620749078377585 0.7574869922329293 0.1251770088008829 0.1251770088008829 0.1542177826249111 0.18529034549212878 0.24851859114892166 0.7574869922329293
64 512 0.05895582660444633 0.8110686925375135 0.12182739433795033 0.12182739433795033 0.13730031257977154 0.1848029126355771 0.2549558148606215 0.8110686925375135
65 520 0.06629298973367245 0.7640239432111565 0.12485646044605181 0.12485646044605181 0.13359392031312387 0.17910355724636118 0.2619859636951648 0.7640239432111565
66 528 0.08337614519324905 0.7571008832415834 0.11928445138087485 0.11928445138087485 0.1321140038399771 0.1819690070083832 0.2593212127205492 0.7571008832415834
67 536 0.09093653065872287 0.783774401790146 0.11405079615750041 0.11405079615750041 0.1252770652556237 0.1830930508425516 0.266861941414769 0.783774401790146
68 544 0.09186442908350326 0.7412832097122888 0.10522000691871262 0.10522000691871262 0.12388898049381682 0.19099343858949605 0.26357997093748314 0.7412832097122888
69 552 0.08785767751327758 0.7405115359496057 0.09553550822864475 0.09553550822864475 0.11385141197807373 0.1892716243320614 0.2700842005581135 0.7405115359496057
70 560 0.1022052805340387 0.7118305152756015 0.0929165609265202 0.0929165609265202 0.10719977669630605 0.19196047041422465 0.2586392185159622 0.7118305152756015
71 568 0.0913708352685863 0.7500078532569372 0.09043177380978204 0.09043177380978204 0.11599549209228047 0.18496363029125917 0.25083223754458595 0.7500078532569372
72 576 0.08519190461879719 0.7341037378565296 0.09119792062056453 0.09119792062056453 0.11113903298424639 0.1756726650784699 0.23546792289998492 0.7341037378565296
73 584 0.08030375331157942 0.6692172596744432 0.09073229064292807 0.09073229064292807 0.1100935739050565 0.17061584459622164 0.22289016675611073 0.6692172596744432
74 592 0.08836121562097715 0.6668788671569077 0.08584660869307412 0.08584660869307412 0.10605659775015742 0.163331129384018 0.22414764146876578 0.6668788671569077
75 600 0.10291281255283702 0.650360264025936 0.08320787956232974 0.08320787956232974 0.11021181849775609 0.14944567572355297 0.23919334376559542 0.650360264025936
76 608 0.11286171256139123 0.6601996074390373 0.08038924639860393 0.08038924639860393 0.10193104813239612 0.15768852808892306 0.24947339456198625 0.6601996074390373
77 616 0.12018070045510029 0.6593628165428803 0.07735880107081773 0.07735880107081773 0.10363845235294182 0.15125396239194225 0.23647444391314945 0.6593628165428803
78 624 0.11914685729083908 0.6762429986781707 0.07737367056870557 0.07737367056870557 0.10533586711766972 0.1405966836901421 0.2187698809557726 0.6762429986781707
79 632 0.11170293566841477 0.6647470074492813 0.0786505945873301 0.0786505945873301 0.10326012382847059 0.13472054212128656 0.21005703299904718 0.6647470074492813
80 640 0.10190340140507297 0.6456652583242305 0.07708387776889476 0.07708387776889476 0.1006353351512116 0.12941560915593028 0.20719366929016275 0.6456652583242305
81 648 0.08905041081822336 0.6241883370983585 0.07348876527000342 0.07348876527000342 0.09544286344859652 0.12796223570817342 0.2052573775345939 0.6241883370983585
82 656 0.08847835540961407 0.6070046209216814 0.07152125592309815 0.07152125592309815 0.09449150505860947 0.12696748002616445 0.1840322941267565 0.6070046209216814
83 664 0.10248831611806523 0.6388884884091702 0.06633338105328564 0.06633338105328564 0.09549460933713515 0.13060114274039436 0.17658991104057664 0.6388884884091702
84 672 0.11868420041770628 0.7316303901710831 0.06535289264619823 0.06535289264619823 0.0958946035180861 0.1260027483457358 0.16342962140364894 0.7316303901710831
85 680 0.12962038670572384 0.7780780084831349 0.06610502255187657 0.06610502255187657 0.09045377124794088 0.12430923961212742 0.17564562356794397 0.7780780084831349
86 688 0.12111278107530514 0.7457332523589991 0.06575002770957428 0.06575002770957428 0.08645320289538617 0.12643385858607786 0.1808628769644224 0.7457332523589991
87 696 0.1184393084579854 0.7315273954998925 0.06249980278245054 0.06249980278245054 0.08415850101677709 0.1263755106692249 0.17626509140346475 0.7315273954998925
88 704 0.1177457288022897 0.7022437601161586 0.05947203872314772 0.05947203872314772 0.09081483002255168 0.1267006953868733 0.17108611021680056 0.7022437601161586
89 712 0.12691204829945857 0.7479238650930511 0.05621497251505647 0.05621497251505647 0.08905906830786152 0.12875013982666264 0.15810624880098004 0.7479238650930511
90 720 0.1120990447602422 0.709377489031134 0.06173263202879501 0.06173263202879501 0.08868750150442323 0.12551133489477403 0.1528186563789098 0.709377489031134
91 728 0.09464014849395849 0.6935074872998935 0.05751957071312137 0.05751957071312137 0.08342115503328226 0.12092663860924277 0.15167484821496757 0.6935074872998935
92 736 0.08105354425414833 0.6682245825833092 0.05577510057841082 0.05577510057841082 0.08170695074181822 0.11283633315287321 0.15137856180323048 0.6682245825833092
93 744 0.06845790953077853 0.6226869572461999 0.05526267991550287 0.05526267991550287 0.08065685923960789 0.10940755661954162 0.14101566288540512 0.6226869572461999
94 752 0.057105757097353396 0.6104575247535653 0.056414235385693574 0.056414235385693574 0.08118570084343639 0.10143804986786947 0.1269016338390833 0.6104575247535653
95 760 0.05174346850249708 0.5985000816209904 0.053568238306570204 0.053568238306570204 0.07494694254784445 0.10090254972972351 0.12386514602409585 0.5985000816209904
96 768 0.058740797952159224 0.573740571663632 0.05269728234291329 0.05269728234291329 0.07438365174344862 0.09852624749177481 0.11737942107872322 0.573740571663632
97 776 0.06402104239857988 0.6284054942851686 0.04978516384069866 0.04978516384069866 0.07854651009400722 0.0987763135593226 0.10487556764719232 0.6284054942851686
98 784 0.06917833540538139 0.6667487708312095 0.047938000337757455 0.047938000337757455 0.07532651026326 0.09248872719202333 0.10789867547111273 0.6667487708312095
99 792 0.06683746678385087 0.662166775510504 0.04774300493320214 0.04774300493320214 0.07428057703774464 0.092139082492069 0.10544976797259552 0.662166775510504
100 800 0.07364382198390412 0.6605476319259159 0.04598245665299709 0.04598245665299709 0.070678810896285 0.08848486632967938 0.10194266844568536 0.6605476319259159
101 808 0.06799516284855604 0.6701535905933023 0.04406313706296904 0.04406313706296904 0.06933075538532125 0.08981557739908556 0.10333761550389378 0.6701535905933023
102 816 0.07297143084452597 0.6585752091641026 0.04291504211799573 0.04291504211799573 0.0714557046148648 0.08394859528102565 0.09649897683272526 0.6585752091641026
103 824 0.08364751498851236 0.6670560506029249 0.03854564665811048 0.03854564665811048 0.06994943115211387 0.08562257426678235 0.10213744082773869 0.6670560506029249
104 832 0.08924107818875636 0.6838137336847748 0.03668793435460226 0.03668793435460226 0.06988133464328361 0.08214980474894082 0.1080677811824391 0.6838137336847748
105 840 0.07681146037120194 0.6781598387850922 0.04017605401952299 0.04017605401952299 0.06404119271330724 0.08079199766272743 0.10248414541780254 0.6781598387850922
106 848 0.06814967445757535 0.6500260110124609 0.03885467688891964 0.03885467688891964 0.063110205588983 0.07821382509084635 0.10047801767669291 0.6500260110124609
107 856 0.06464709078332292 0.6541601485109003 0.03594555888115292 0.03594555888115292 0.056194711626221805 0.07978109967531598 0.10285299703848617 0.6541601485109003
108 864 0.06721415909082545 0.6425313394779748 0.0349301016734453 0.0349301016734453 0.054591713762325814 0.07820399811328688 0.1083196028896673 0.6425313394779748
109 872 0.07421298779926801 0.6661098920742731 0.03537649062068143 0.03537649062068143 0.05227930530009431 0.07385169128825121 0.10397144797598808 0.6661098920742731
110 880 0.06592503464019156 0.6586348784840285 0.03557467065448509 0.03557467065448509 0.04985370378132654 0.07523777777724343 0.10702815443472259 0.6586348784840285
111 888 0.06750078981969113 0.654856907011151 0.03398298300921064 0.03398298300921064 0.045610252901862706 0.07213106613718843 0.10856288995464333 0.654856907011151
112 896 0.06830399730214094 0.6779975822056535 0.03294021445259277 0.03294021445259277 0.04491637942963238 0.07654842611971746 0.09501316717861438 0.6779975822056535
113 904 0.06106488067843944 0.724261040818717 0.0330757296046316 0.0330757296046316 0.04189100997112274 0.07433020226521315 0.08849045180989262 0.724261040818717
114 912 0.0585459592331973 0.7104072695652993 0.03412559188952785 0.03412559188952785 0.039031151006417825 0.07117293591375623 0.08499386654370943 0.7104072695652993
115 920 0.06882773188528347 0.6807600487777682 0.03526086034262546 0.03526086034262546 0.03827060627796983 0.06783663629715157 0.08510125479402636 0.6807600487777682
116 928 0.07214885404750196 0.7135910979469826 0.03350234777996619 0.03350234777996619 0.03637818585195571 0.06534886637449736 0.09681871506465232 0.7135910979469826
117 936 0.08003836880254235 0.6370738376743792 0.03340237169588026 0.03340237169588026 0.039310818094724594 0.06343045593416602 0.09583573648557585 0.6370738376743792
118 944 0.0874790960492471 0.6105528368321927 0.03152532205684272 0.03152532205684272 0.040907369354886404 0.06475130548301819 0.09593014017826632 0.6105528368321927
119 952 0.11516626779080781 0.6141870416638275 0.032220048967483636 0.032220048967483636 0.04046533856320377 0.06233584236622645 0.08966071840296837 0.6141870416638275
120 960 0.12249877559313758 0.62741039155911 0.033049422654367104 0.033049422654367104 0.04067745266543933 0.06577382004926347 0.08002922857609866 0.62741039155911
121 968 0.12063151322116308 0.6334876908582268 0.03131025870059797 0.03131025870059797 0.03950722734166715 0.06486596435194165 0.0753462657587018 0.6334876908582268
122 976 0.10131158118550469 0.6145573046579077 0.030406046809279975 0.030406046809279975 0.03933027540451825 0.06590677433233831 0.06668018511208365 0.6145573046579077
123 984 0.08290187672733128 0.5724221162240524 0.02887979693442815 0.02887979693442815 0.03828874713609589 0.06323496187651408 0.06764292720101729 0.5724221162240524
124 992 0.07838687747407681 0.5541697317224734 0.028796543536474987 0.028796543536474987 0.03633002422094188 0.05882158671306795 0.06618371203319502 0.5541697317224734
125 1000 0.07037861441542663 0.5944723705919991 0.025896724175954317 0.025896724175954317 0.0345107044681912 0.056522231977952926 0.06748497726995235 0.5944723705919991
126 1008 0.07126956856534254 0.5366432422190343 0.02566655723180295 0.02566655723180295 0.033483174057817214 0.05451495909540222 0.06780073127397762 0.5366432422190343
127 1016 0.07415045034615986 0.5643540255136478 0.024414353006314123 0.024414353006314123 0.032575626387343515 0.052580239519067554 0.06830248896337884 0.5643540255136478
128 1024 0.075149492373235 0.5749017121126547 0.02431649131832284 0.02431649131832284 0.031125322452422888 0.04955693580550313 0.06486449545906783 0.5749017121126547
129 1032 0.06583988692113375 0.5240018817541351 0.024663082121039438 0.024663082121039438 0.031925087815457186 0.04968894426087256 0.06455051046039302 0.5240018817541351
130 1040 0.06066801717118079 0.5100459576281398 0.02251282843322575 0.02251282843322575 0.031501584915494346 0.04557230706530812 0.06890767113477739 0.5100459576281398
131 1048 0.06273372462207004 0.47346525749001556 0.022463350218366467 0.022463350218366467 0.03328043934765317 0.044938288179054285 0.06224002576478938 0.47346525749001556
132 1056 0.06135282360953156 0.4678905876515231 0.024962769555211255 0.024962769555211255 0.03416951610878897 0.04328589416071895 0.059144026856166085 0.4678905876515231
133 1064 0.060569338205017656 0.4951863020293363 0.024335124250470453 0.024335124250470453 0.031432459223705314 0.04091538787071439 0.056443625730009966 0.4951863020293363
134 1072 0.0526873813650837 0.4991161526228189 0.024472244800596003 0.024472244800596003 0.03264075569088844 0.03905039086346576 0.0539751593804224 0.4991161526228189
135 1080 0.05647502479615853 0.4921049758935712 0.022572081042080985 0.022572081042080985 0.031942790702944875 0.0373828124782274 0.05353312729109843 0.4921049758935712
136 1088 0.050154014192322016 0.4586783498378465 0.025379949062276058 0.025379949062276058 0.030951014688783904 0.03575617609588752 0.05301965039399972 0.4586783498378465
137 1096 0.042928582337555726 0.4100815454163869 0.02514002610123998 0.02514002610123998 0.029084580545757497 0.03488420770078235 0.053205530635551224 0.4100815454163869
138 1104 0.03897351029029776 0.40093659388409425 0.02336835543014263 0.02336835543014263 0.026479999633887023 0.03428768100199915 0.056050888718326246 0.40093659388409425
139 1112 0.04349887075313126 0.3812086856769659 0.024881185002548965 0.024881185002548965 0.0261612856713417 0.03257282749673403 0.05432110948961365 0.3812086856769659
140 1120 0.04924321605962395 0.4352238901501507 0.022360891788808797 0.022360891788808797 0.02858756328871004 0.03198894302651394 0.05063930073189341 0.4352238901501507
141 1128 0.04892764827897797 0.4076980641645903 0.022329634259152607 0.022329634259152607 0.0269996594758201 0.03116398169925837 0.058127483433185315 0.4076980641645903
142 1136 0.05232982789738352 0.41298987577126456 0.02080812317243848 0.02080812317243848 0.0265790291111501 0.030514690464815017 0.0559599538573502 0.41298987577126456
143 1144 0.04901127311302094 0.43362872744041253 0.020849713815328144 0.020849713815328144 0.026473607685702297 0.03152320315525164 0.04916555328546078 0.43362872744041253
144 1152 0.05213833076552768 0.41842604945472645 0.020844943235710227 0.020844943235710227 0.02640119577312216 0.030688096612916493 0.046558219678792145 0.41842604945472645
145 1160 0.06009257534512056 0.44187240474703476 0.018691436838455547 0.018691436838455547 0.025199835370518425 0.03019810749732102 0.04746320542149677 0.44187240474703476
146 1168 0.06535886356474614 0.47173547883237305 0.01734585696895181 0.01734585696895181 0.024725309833638638 0.03386535513781647 0.04612538500796766 0.47173547883237305
147 1176 0.05978370039901735 0.49766192501811524 0.016255326311155293 0.016255326311155293 0.024112959616338844 0.03291152738462771 0.04282568834783947 0.49766192501811524
148 1184 0.05110266691783621 0.49520214817303004 0.016044083248055886 0.016044083248055886 0.023949849471911148 0.0315815200234105 0.042485487953114444 0.49520214817303004
149 1192 0.049933233583661175 0.49795920602215094 0.015901990583631186 0.015901990583631186 0.020992370084442272 0.031034950911815757 0.041371985578649274 0.49795920602215094
150 1200 0.05224264078669713 0.45787822198803985 0.01601033259689381 0.01601033259689381 0.02038844782353161 0.030314438753043616 0.042067974503196964 0.45787822198803985
151 1208 0.05227840356527103 0.48784412767487556 0.015615420749545215 0.015615420749545215 0.020282721472626483 0.029137787941349393 0.03894115622437544 0.48784412767487556
152 1216 0.05279713839926372 0.48014948864802603 0.014181283536178202 0.014181283536178202 0.020914956534124545 0.02807003928294669 0.038688633313786094 0.48014948864802603
153 1224 0.04925791009225609 0.4944209954287143 0.013493020774778304 0.013493020774778304 0.019587642592426388 0.028118416697891745 0.036848350799577205 0.4944209954287143
154 1232 0.043123320402273305 0.4761856364396438 0.013167400818576685 0.013167400818576685 0.01834736334193575 0.028013891074315168 0.03538932067702528 0.4761856364396438
155 1240 0.04072504424355931 0.4809653160980127 0.013468899756435938 0.013468899756435938 0.01667673467060052 0.028639503925552236 0.032592225451462516 0.4809653160980127
156 1248 0.035114606966115056 0.4958607699065656 0.013279118191858041 0.013279118191858041 0.01630245264072961 0.02743519344964905 0.030851931656463195 0.4958607699065656
157 1256 0.03312895041420101 0.4999586769065958 0.013273499617754887 0.013273499617754887 0.015225819168244812 0.027092054836970927 0.028657184287411968 0.4999586769065958
158 1264 0.03261886152551077 0.5256865836708678 0.01262441214139589 0.01262441214139589 0.01501283228530947 0.025440200619556257 0.027973829235462544 0.5256865836708678
159 1272 0.03212120431608215 0.5176060145840263 0.012758571622194195 0.012758571622194195 0.013866522489253607 0.023930163832106853 0.028779276336588302 0.5176060145840263
160 1280 0.030529106091652998 0.5199768038132102 0.011805692359994154 0.011805692359994154 0.014881925035857784 0.02410092966048603 0.028441974171077015 0.5199768038132102
161 1288 0.02755616780050803 0.5619710568588263 0.011478641467807457 0.011478641467807457 0.015056215659055804 0.022853906547766874 0.027577792024615015 0.5619710568588263
162 1296 0.026648590941872507 0.5419334013173694 0.011049307829056457 0.011049307829056457 0.014210991984020033 0.022672112632691165 0.026844378148128435 0.5419334013173694
163 1304 0.021766904239839634 0.5133056459577129 0.010577521979345441 0.010577521979345441 0.013722374127840931 0.02211336485562485 0.027051835477331868 0.5133056459577129
164 1312 0.02131392086156577 0.5023557021502162 0.009804418980371125 0.009804418980371125 0.012375293838661499 0.021812672914174568 0.027275852772495026 0.5023557021502162
165 1320 0.02186725577460975 0.5248578148839105 0.0091935815439626 0.0091935815439626 0.012457892772260542 0.02175345033052051 0.02665811944306924 0.5248578148839105
166 1328 0.026786624656810417 0.5314120883654762 0.009400529969056099 0.009400529969056099 0.011713505441144988 0.02145573183495406 0.025974773833880933 0.5314120883654762
167 1336 0.029579504370667815 0.6293890080652551 0.0090203636201438 0.0090203636201438 0.01147038954975874 0.022097001856744812 0.023498222158253382 0.6293890080652551
168 1344 0.030840773129377136 0.596520709613769 0.009502166839617247 0.009502166839617247 0.011611001704612985 0.020405548686931438 0.02476213147649928 0.596520709613769
169 1352 0.02775115208687716 0.5585411232488592 0.009513836526906428 0.009513836526906428 0.011334265688834921 0.020226274091727326 0.02386364589982921 0.5585411232488592
170 1360 0.023859032305906795 0.5548672626996157 0.009114742823959264 0.009114742823959264 0.010410005978306823 0.020622206620499708 0.023384713992940953 0.5548672626996157
171 1368 0.024686270034210808 0.5326137802049049 0.00854270250231957 0.00854270250231957 0.010120746406782332 0.020134487995944934 0.02322350986178055 0.5326137802049049
172 1376 0.023451208674903433 0.5167783037896786 0.009137030401769174 0.009137030401769174 0.009416459540017113 0.019396310318536093 0.02412865439720427 0.5167783037896786
173 1384 0.02224197689282628 0.5067096915751356 0.007958511530976669 0.007958511530976669 0.00975188956851053 0.018891750961840117 0.024441217403644813 0.5067096915751356
174 1392 0.02288650778340591 0.5108120733165461 0.00800548000692241 0.00800548000692241 0.009348104980033679 0.018112668273035475 0.023372760805657342 0.5108120733165461
175 1400 0.019349107799911988 0.500933149644863 0.00857964778349018 0.00857964778349018 0.009068355690705403 0.017852178881218587 0.021145326555958913 0.500933149644863
176 1408 0.01711561815517107 0.48518223244667896 0.008593607371219676 0.008593607371219676 0.009060009854365858 0.016309607547647993 0.020611144436780873 0.48518223244667896
177 1416 0.01577227973765229 0.4776416442313587 0.008260067747771676 0.008260067747771676 0.008995043788669804 0.015053937296273287 0.020723613891985494 0.4776416442313587
178 1424 0.013320560606568218 0.46385939352629274 0.008289848549907795 0.008289848549907795 0.00864398399217735 0.014933369490081472 0.02078945122837191 0.46385939352629274
179 1432 0.012244516151062201 0.45939009247894724 0.007489845440844043 0.007489845440844043 0.00852851077696027 0.01489802383431918 0.020281334936745526 0.45939009247894724
180 1440 0.010337168635238914 0.4441222605361619 0.00694486879367527 0.00694486879367527 0.008530836730022558 0.014171293394496224 0.021106500633969013 0.4441222605361619
181 1448 0.00900199183918789 0.4448379839268136 0.0067922807687869615 0.0067922807687869615 0.008257123103870742 0.012807861285683519 0.020589224964050613 0.4448379839268136
182 1456 0.007961980123462742 0.4362440240516705 0.006478639467259165 0.006478639467259165 0.007900966292175186 0.012592319077301966 0.02043171642814653 0.4362440240516705
183 1464 0.007587801623237751 0.4391340700384181 0.006430262903313964 0.006430262903313964 0.0077185954886665195 0.012111945826802145 0.020006254092908456 0.4391340700384181
184 1472 0.006538155873516107 0.47034851459159277 0.005809743407990511 0.005809743407990511 0.00772278306062629 0.011828414347596872 0.018994824250646483 0.47034851459159277
185 1480 0.0052647510471305154 0.4780516836085953 0.005477099488255895 0.005477099488255895 0.007532750066891213 0.011520852888525404 0.019010589184971904 0.4780516836085953
186 1488 0.00456649445431572 0.4620797107689031 0.005139028496177528 0.005139028496177528 0.007290099218676693 0.011005282019575246 0.018313324289743645 0.4620797107689031
187 1496 0.0039029711042362024 0.4509656896454952 0.005030472980867317 0.005030472980867317 0.0071060682989914775 0.010335838048814166 0.017297949813089363 0.4509656896454952
188 1504 0.0037078915090830167 0.4306810606999517 0.004814885304177252 0.004814885304177252 0.0068935128946037505 0.01023264899274108 0.01739223950755877 0.4306810606999517
189 1512 0.0036928680852171695 0.43030355095197825 0.0044851369935054635 0.0044851369935054635 0.007090396254270604 0.010416101909207786 0.01638471538267887 0.43030355095197825
190 1520 0.0032273497238727656 0.4164212667017369 0.004538181864492604 0.004538181864492604 0.006745767848369522 0.010901075518431483 0.015373010595788397 0.4164212667017369
191 1528 0.0028189186859761666 0.41466848880350726 0.004499763508298357 0.004499763508298357 0.006129203637560718 0.010565672486866394 0.015225979043535103 0.41466848880350726
192 1536 0.0024326231852382025 0.4098643643165917 0.004517194881275684 0.004517194881275684 0.005637305832423249 0.010150288978653449 0.01447926187512637 0.4098643643165917
193 1544 0.002052466891064367 0.4108564384034295 0.004342581027218099 0.004342581027218099 0.005403442205268684 0.009343830632621179 0.01433481632035294 0.4108564384034295
194 1552 0.0018673079810119873 0.403720844402767 0.003970096088675557 0.003970096088675557 0.005225123196581601 0.009069628962750218 0.01396124070285119 0.403720844402767
195 1560 0.001966813410429952 0.35930576009699317 0.00404719499112719 0.00404719499112719 0.005227931799287194 0.009043908262214956 0.013011315969002913 0.35930576009699317
196 1568 0.0019587945550505986 0.3879890054267029 0.004096140436825239 0.004096140436825239 0.004933446266456777 0.010078061020317698 0.011746572138447087 0.3879890054267029
197 1576 0.0016414922387536918 0.3780046168032663 0.003928203100700699 0.003928203100700699 0.004929694646383334 0.010111883805397699 0.010975054578118698 0.3780046168032663
198 1584 0.0016243740253921706 0.3367566335751472 0.0038438772946013046 0.0038438772946013046 0.004917424604464022 0.009543243585684617 0.010854258099117638 0.3367566335751472
199 1592 0.0014955766356721 0.3423042053110835 0.0037431646202991443 0.0037431646202991443 0.004751402840372696 0.008748194306939865 0.01192000617227303 0.3423042053110835
200 1600 0.001293639758331989 0.30941675743664115 0.003966719352911008 0.003966719352911008 0.004369896636522819 0.008408351703528487 0.011819712715467848 0.30941675743664115
201 1608 0.0010977349425192566 0.2986527973180272 0.0038061239215738036 0.0038061239215738036 0.004345099526372657 0.007881538301121267 0.011296305757042376 0.2986527973180272
202 1616 0.0010260553373648653 0.26553960058180914 0.003865012825657392 0.003865012825657392 0.004112298614754297 0.007735950751351597 0.011179621337999131 0.26553960058180914
203 1624 0.0009659670086090827 0.2493261701747765 0.004031729565679926 0.004031729565679926 0.004218458082034215 0.0075965835582207574 0.010164383449301323 0.2493261701747765
204 1632 0.0007776262776528969 0.2350502022268099 0.0038177164885588636 0.0038177164885588636 0.004292126088838104 0.007476270385521231 0.01037542598743837 0.2350502022268099
205 1640 0.0006303334233312692 0.22019421556848187 0.003707126024053411 0.003707126024053411 0.00422547052028006 0.007172535583719225 0.010009721955558479 0.22019421556848187
206 1648 0.0005389406103519896 0.20662284267535286 0.003638114296181703 0.003638114296181703 0.004228178016456274 0.0066581326543770575 0.00960864681884369 0.20662284267535286
207 1656 0.0005263108892686042 0.20245530450558766 0.0036956143896564883 0.0036956143896564883 0.003862447368837286 0.0065001046918195795 0.00925160269481908 0.20245530450558766
208 1664 0.0004406541602101441 0.19525442972767984 0.0036479539068613926 0.0036479539068613926 0.003760605122690301 0.006412861373095422 0.009370590174701009 0.19525442972767984
209 1672 0.00035162422105010317 0.18667478991783581 0.0035242167391735173 0.0035242167391735173 0.0036254186097369146 0.006416843261241603 0.008586228190306218 0.18667478991783581
210 1680 0.00030221515393871973 0.1785042270338813 0.003386981741121146 0.003386981741121146 0.00357178103541472 0.005740690505789112 0.00845850608111399 0.1785042270338813
211 1688 0.00028914434307710586 0.1757189302704883 0.0031195509133797013 0.0031195509133797013 0.0035673183126419374 0.005632254799736941 0.008006468855910259 0.1757189302704883
212 1696 0.0002734600139295995 0.1710349494566628 0.003000554298697563 0.003000554298697563 0.0036747487706408712 0.005817759777467499 0.007757132196152802 0.1710349494566628
213 1704 0.00023506254346569833 0.16455587094095087 0.0030143606553601795 0.0030143606553601795 0.0036703053704866743 0.005457632224620575 0.007378388849114055 0.16455587094095087
214 1712 0.00020201833509412545 0.16071698531621992 0.002847802637716468 0.002847802637716468 0.003426765444915391 0.005247671446008648 0.007398319845736673 0.16071698531621992
215 1720 0.000193522315816797 0.16007217767664006 0.002663118538097847 0.002663118538097847 0.003425017553813801 0.005228415611070671 0.006680554254851009 0.16007217767664006
216 1728 0.00016651496592666383 0.1757349354573051 0.0024338063934065835 0.0024338063934065835 0.0032843163417428096 0.005204002799997293 0.0065297203824748636 0.1757349354573051
217 1736 0.00014526793568802983 0.17103941798256528 0.00246398515536427 0.00246398515536427 0.0032055078166706424 0.005062545622218783 0.005898268987554674 0.17103941798256528
218 1744 0.00013148700066297928 0.1686699216507267 0.0023873334571428853 0.0023873334571428853 0.003057251907312157 0.004650416352033472 0.006124758763164894 0.1686699216507267
219 1752 0.00011095742674085212 0.1610818658833723 0.002244116967581902 0.002244116967581902 0.0030947002478426966 0.004571115655413092 0.006055540029146006 0.1610818658833723
220 1760 0.00010393106429392426 0.15226902967852657 0.0021814277799934627 0.0021814277799934627 0.0027984723741518057 0.004606453361860209 0.005874938443284394 0.15226902967852657
221 1768 0.00011125581830306733 0.14958746513431187 0.0021286427895141485 0.0021286427895141485 0.00264201058085447 0.004440028725387414 0.006157494862558508 0.14958746513431187
222 1776 0.00010716972987985008 0.14383326771380986 0.001920762228892003 0.001920762228892003 0.002685003571928152 0.004909965730795786 0.006080477290279595 0.14383326771380986
223 1784 9.645546146850018e-05 0.14340454934251554 0.0020133735469141626 0.0020133735469141626 0.0025075566424590753 0.004771837461537233 0.0061514342797570325 0.14340454934251554
224 1792 0.00010278476963981992 0.1400662645161448 0.0020197368492988737 0.0020197368492988737 0.002337932559599253 0.004650634278252095 0.0056299657974022985 0.1400662645161448
225 1800 9.688699581307094e-05 0.15894711188291605 0.0019715693324653403 0.0019715693324653403 0.0023579813660518163 0.004455120094984997 0.005597475088757435 0.15894711188291605
226 1808 7.911407567486462e-05 0.15463856108415092 0.0018291224884093556 0.0018291224884093556 0.0023471793294017247 0.004492504637410585 0.005303963357025105 0.15463856108415092
227 1816 6.910887431477129e-05 0.1497155871443658 0.001773936443723976 0.001773936443723976 0.0021607405737902726 0.0043700876814584495 0.005098080434807615 0.1497155871443658
228 1824 5.939747656738122e-05 0.14677381579589927 0.0017801376240376343 0.0017801376240376343 0.002011757148149196 0.0041326239856817985 0.0051292283371121355 0.14677381579589927
229 1832 5.807629765130789e-05 0.14393440042659825 0.0016689368790844031 0.0016689368790844031 0.0019500587150737666 0.00401985652928126 0.005074779917677725 0.14393440042659825
230 1840 5.389256787156879e-05 0.13592595754725625 0.0017369645212549501 0.0017369645212549501 0.00201645625708564 0.0038005374916920236 0.005079452506777289 0.13592595754725625
231 1848 4.5287364772725516e-05 0.1360874780827868 0.0016623139837571254 0.0016623139837571254 0.0019723252277476415 0.0036561152039719124 0.005040926303637861 0.1360874780827868
232 1856 3.7662024220012646e-05 0.13254241133491118 0.0016225225866446683 0.0016225225866446683 0.001904014703674986 0.003307398521245664 0.0049269720987785235 0.13254241133491118
233 1864 3.617999211020753e-05 0.12806416973522686 0.0015350832709189787 0.0015350832709189787 0.0018596215290758043 0.0031643411455308233 0.00487306641866946 0.12806416973522686
234 1872 3.585984273800066e-05 0.11814481967313803 0.0015772174992674064 0.0015772174992674064 0.0018057774447724116 0.003211561531454133 0.004842689437328036 0.11814481967313803
235 1880 3.29826784722122e-05 0.11801501943485473 0.0014456992755358822 0.0014456992755358822 0.0019043552627662625 0.0030052798012731134 0.004767229159318334 0.11801501943485473
236 1888 2.988980364715665e-05 0.11144306464456204 0.0014159163521562533 0.0014159163521562533 0.0019126542638049039 0.002865242482172101 0.00459799107302131 0.11144306464456204
237 1896 2.483495932060104e-05 0.1081252918774845 0.0013096307051944152 0.0013096307051944152 0.0019119170960079667 0.002755193164878671 0.004594952849117323 0.1081252918774845
238 1904 2.2392448531464366e-05 0.10064487493997215 0.001180535832564082 0.001180535832564082 0.0019219525694316134 0.002664331296334482 0.004557252229615605 0.10064487493997215
239 1912 1.890740004633745e-05 0.10184181222035686 0.001210471182431376 0.001210471182431376 0.0019037592777517395 0.0023609538230589676 0.004269818788499839 0.10184181222035686
240 1920 1.9269082211100488e-05 0.1004682437376095 0.0011924302132513497 0.0011924302132513497 0.0017216500312089566 0.0022642430806695266 0.004219432878088945 0.1004682437376095
241 1928 1.9361473524594864e-05 0.10577579278338461 0.001071764134092127 0.001071764134092127 0.0017055899236186945 0.00234482215688438 0.004211026428649063 0.10577579278338461
242 1936 1.7343625521684607e-05 0.10013731807834743 0.0011244466848267102 0.0011244466848267102 0.0017013181545860335 0.0022791620254479146 0.003995017225169645 0.10013731807834743
243 1944 1.6140941696213607e-05 0.09607681965704482 0.0011118425863744289 0.0011118425863744289 0.0015625701694990954 0.00225061666099164 0.003958769391924895 0.09607681965704482
244 1952 1.6022449570227667e-05 0.09588542478488252 0.0010824709466377132 0.0010824709466377132 0.0016108084743793162 0.002239754735075863 0.0037501211458700473 0.09588542478488252
245 1960 1.786072161313235e-05 0.09417232978718837 0.0010285514405771305 0.0010285514405771305 0.0016271883158211315 0.0021447625852955383 0.003742206659736598 0.09417232978718837
246 1968 1.6172889276917766e-05 0.0893729059908812 0.0011495676589124433 0.0011495676589124433 0.0016029923193025266 0.0021631176271140634 0.0033652243623813476 0.0893729059908812
247 1976 1.7281883612504647e-05 0.08155338138139451 0.0010467173625240429 0.0010467173625240429 0.0015714834835609019 0.00211749474341314 0.003390980702296016 0.08155338138139451
248 1984 1.779294146301876e-05 0.07854978265098947 0.0010307243591070306 0.0010307243591070306 0.001771407293550791 0.0020511232519334725 0.0031641786551045376 0.07854978265098947
249 1992 1.828552476503984e-05 0.08085567780047488 0.0011845265852211146 0.0011845265852211146 0.0017286538248918527 0.0020439820777535048 0.0027459952823054292 0.08085567780047488
250 2000 1.5671964589713828e-05 0.07893710451440134 0.0012124123805409292 0.0012124123805409292 0.0015543334744367592 0.0019959105674401383 0.0027528694835127856 0.07893710451440134
251 2008 1.3453156250195848e-05 0.07147160951584626 0.0011569852367982279 0.0011569852367982279 0.0015633229855840439 0.0019330916448140603 0.002777461162669693 0.07147160951584626
252 2016 1.2501984414161546e-05 0.07100807215017056 0.0010285309586133874 0.0010285309586133874 0.001551583480310842 0.0018081021017350512 0.0027474644249328353 0.07100807215017056
253 2024 1.0563884441272776e-05 0.0719049504780588 0.0009759990824164375 0.0009759990824164375 0.0015046814345003965 0.0017512568309643024 0.002665309980134375 0.0719049504780588
254 2032 9.563019999223709e-06 0.07034726856753044 0.0009149298334580343 0.0009149298334580343 0.0014235156509876169 0.0017232600802698894 0.002685014124895122 0.07034726856753044
255 2040 8.096113494488013e-06 0.07145711404899235 0.0009519042070625513 0.0009519042070625513 0.0013814136441785078 0.0016640395634634482 0.0024035451883867415 0.07145711404899235
256 2048 7.952134095854119e-06 0.06994514956722883 0.0008603859090728221 0.0008603859090728221 0.001363622199582431 0.0016418601164722379 0.0023942687795295054 0.06994514956722883
257 2056 6.492310571860694e-06 0.06594459470008776 0.0008278205984479163 0.0008278205984479163 0.001353143555511159 0.001633421749528272 0.0025371603125005264 0.06594459470008776
258 2064 5.792840969213048e-06 0.0654802264545676 0.0008003489564814595 0.0008003489564814595 0.001338395783193558 0.001424068869514542 0.0024642049630931298 0.0654802264545676
259 2072 5.112276178396479e-06 0.06879062489173535 0.0007925779583902862 0.0007925779583902862 0.0012390585463883303 0.0013997232396098318 0.002377075390733483 0.06879062489173535
260 2080 4.661683104869907e-06 0.07098302308488508 0.0007837436872737954 0.0007837436872737954 0.0010556802954514593 0.0013699720451223506 0.0023514002382490806 0.07098302308488508
261 2088 4.440801132426251e-06 0.06977409354753455 0.0007831474865475839 0.0007831474865475839 0.0010103161038409088 0.0013593550396451691 0.0021521676154636266 0.06977409354753455
262 2096 3.5289856346690194e-06 0.06575185997756869 0.0008017579620415643 0.0008017579620415643 0.0010176218118417735 0.001296362798387557 0.0020101544056401388 0.06575185997756869
263 2104 3.0874781022770434e-06 0.06487380156370429 0.0007572689066219765 0.0007572689066219765 0.0010210329059228823 0.001172165402350582 0.0019504330361216533 0.06487380156370429
263 2104 3.0874781022770434e-06 0.06487380156370429 0.0007572689066219765 0.0007572689066219765 0.0010210329059228823 0.001172165402350582 0.0019504330361216533 0.06487380156370429
